2 [1 2 0 3]
2 [1 0 3 2]
2 [0 1 3 2]
2 [2 3 1 0]
2 [1 0 3 2]
3 [1 2 3 4 5 0 7 8 6]
3 [4 1 3 7 2 5 0 8 6]
3 [1 2 3 4 5 6 7 8 0]
3 [1 2 3 4 5 6 7 0 8]
3 [1 2 3 0 5 6 4 7 8]
4 [ 1  2  3  4  5  6  0  8  9 10  7 15 13 14 12 11]
4 [ 1  2  3  4  5  6  7  8  9 10 15 11 13 14  0 12]
4 [ 1  2  3  4  5  6  7  8  9 10 11 12 13 14  0 15]
4 [ 1  2  0  4  5  6  3  8  9 11  7 12 13 10 14 15]
4 [ 1  2  3  4  5  6  7  8  9 10  0 12 13 14 11 15]
5 [ 1  2  3  4  5  6  7  8  9 10 11 12 13 14 15 16 17 18 19 20 21 22 23  0
 24]
5 [ 1  2  3  4  5  6  7  8  9 10 11 12 13 14 15 16 17 18 19 20 21  0 22 23
 24]
5 [ 1  2  3  4  5  6  7  8  9 10 11 12 13 14 15 16 17 18  0 20 21 22 23 19
 24]
5 [ 1  2  3  4  5  6  7  8  9 10 11 12 13 14 15 16 17 18  0 19 21 22 23 24
 20]
5 [ 1  2  3  4  5  6  7  8  9 10 11 12 13 14 15 16 17  0 18 19 21 22 23 24
 20]
6 [ 1  2  3  4  5  6  7  8  9 10 11 12 13 14 15 16 17 18 19 20 21 22 29 23
 25 26 27 28 35 24 31 32 33  0 34 30]
6 [ 1  2  3  4  5  6  7  8  9 10 11 12 13 14 15 16 17 18 19 20 21 22 23  0
 25 26 27 28 29 24 31 32 33 34 35 30]
6 [ 1  2  3  4  5  6  7  8  9 10 11 12 13 14 15 16 17 18 19 20 21 22 23 24
 25 26 27 28 29  0 31 32 33 34 35 30]
6 [ 1  2  3  4  5  6  7  8  9 10 11 12 13 14 15 16 17  0 19 20 21 22 23 18
 25 26 27 28 29 24 31 32 33 34 35 30]
6 [ 1  2  3  4  5  6  7  8  9 10 11 12 13 14 15 16 18  0 19 20 21 22 17 23
 25 26 27 28 29 24 31 32 33 34 35 30]
